url_path,views_total,views_unique
/cmu-sei/kaiju,19,17
/cmu-sei/Kaiju,4,4
/cmu-sei/kaiju/blob/main/LICENSE.md,2,1
/cmu-sei/kaiju/blob/main/INSTALL.md,1,1
/cmu-sei/kaiju/commits/main,1,1
/cmu-sei/kaiju/compare/main...CERTCC:kaiju:ghidra-11.3.1,1,1
/cmu-sei/kaiju/compare/main...CERTCC:kaiju:main,1,1
/cmu-sei/kaiju/pull/19,1,1
/cmu-sei/kaiju/tree/main,1,1
/cmu-sei/kaiju/tree/main/data,1,1
